*****
The best Kaggle result:
Use all the features, set learning_rate = 0.05, n_estimators = 11. Score: 0.93328.
learning_rate = 0.1 & n_estimators = 11 gives worse score 0.93325.





The best of “n_estimators = 35” on validation set.
34   0.925062307898
35   0.925062307898


6   0.924914446594
7   0.924939597058
8   0.924898043811
9   0.924914888135
10   0.924852232744
11   0.924874824008
12   0.924814286276
13   0.924839405118
14   0.924860926302
15   0.924860926302
16   0.924894382908
17   0.924891195168
18   0.924916345633
19   0.924913786432
20   0.924946172957
21   0.924965785982
22   0.924969834302
23   0.924884587647
24   0.924875420925
25   0.924929770175
26   0.924974952703
27   0.924962598242
28   0.924970244221
29   0.924941045436
30   0.924985157883
31   0.925049953436
32   0.92501819545
33   0.925022243771
34   0.925062307898
35   0.925062307898
36   0.924987926584
37   0.924938695735
38   0.924943372595
39   0.924879196462
40   0.924952088655
41   0.924921819789
42   0.924909465328
43   0.924926938191
44   0.92497575
45   0.924948040335
46   0.924942953556
47   0.924942953556
48   0.924939324275
49   0.924957867218
50   0.924929119094
51   0.92494074103
52   0.924960773093
53   0.924975686756
54   0.92499212116
55   0.924909433705
56   0.924879164839
57   0.924874046438
58   0.924816509448
59   0.924855084455
60   0.924795648426
61   0.924783681382
62   0.924800462461
63   0.924813195219
64   0.92481980274
65   0.924840422601
66   0.924817831337
67   0.924844470921
68   0.924860905326
69   0.924855786925
70   0.92484084164
71   0.924878378189
72   0.924858346125
73   0.924853227724
74   0.924849179404
75   0.924767530407
76   0.924770781392
77   0.92477330897
78   0.924757356849
79   0.924772302134
80   0.924825130642
81   0.924797420976
82   0.924831255879
83   0.924802057094
84   0.924840390978
85   0.924833783457
86   0.924873187423
87   0.924939472095
88   0.924973789282
89   0.925031326272
90   0.924972719201
91   0.924974208321
92   0.924947568736
93   0.92495888474
94   0.924914393995


The best result on Kaggle: n_estimator = 11.

loss = exponential gives worse result on validation set

learning rate smaller gives better performance when the n_estimators is smaller.
eg. learning_rate = 0.05 -> 
1   0.924851162663
2   0.924851162663
3   0.924918936455
4   0.925009301512
5   0.925006742311
6   0.924986710248
7   0.925047876519
8   0.925093059047
9   0.925015048453
10   0.924939597058
11   0.925024843714

learning_rate = 0.03 ->
1   0.924647841286
2   0.924851162663
3   0.924851162663
4   0.924918936455
5   0.924918936455
6   0.925009301512
7   0.925009301512
8   0.924984151047
9   0.925029333576
10   0.925031892776
11   0.925047876519
12   0.925025285255
13   0.92505767178
14   0.925037639717
15   0.924992457189
16   0.925007370851
17   0.925007370851
18   0.925072585443
19   0.924889296129
20   0.925052553379
21   0.925012489252
22   0.925007370851
23   0.924851791202
24   0.924849232002
25   0.924854350403
26   0.924862028005
27   0.924856909604
28   0.924852861283
29   0.924879500868
30   0.924879500868
31   0.92488717847
32   0.92488717847
33   0.924904651333

learning_rate = 0.01 ->
1   0.924647841286
2   0.924647841286
3   0.924647841286
4   0.924647841286
5   0.924738206342
6   0.924851162663
7   0.924851162663
8   0.924851162663
9   0.924851162663
10   0.924851162663
11   0.924851162663
12   0.924851162663
13   0.924918936455
14   0.924918936455
15   0.924918936455
16   0.924918936455
17   0.924873753927
18   0.924964118984
19   0.925009301512
20   0.925009301512
21   0.925009301512
22   0.925009301512
23   0.924986710248
24   0.924984151047
25   0.924984151047
26   0.925006742311
27   0.925006742311
28   0.925034451977
29   0.925034451977
30   0.925034451977
31   0.925057043241
32   0.925057043241
33   0.92505448404
34   0.925029333576
35   0.925029333576
36   0.925029333576
37   0.925025285255


warm_start doesn’t affect the model.

max_depth default is the best.


